
<!DOCTYPE html
  PUBLIC "-//W3C//DTD HTML 4.01 Transitional//EN">
<html><head>
      <meta http-equiv="Content-Type" content="text/html; charset=utf-8">
   <!--
This HTML was auto-generated from MATLAB code.
To make changes, update the MATLAB code and republish this document.
      --><title>myMainScript</title><meta name="generator" content="MATLAB 9.6"><link rel="schema.DC" href="http://purl.org/dc/elements/1.1/"><meta name="DC.date" content="2020-11-05"><meta name="DC.source" content="myMainScript.m"><style type="text/css">
html,body,div,span,applet,object,iframe,h1,h2,h3,h4,h5,h6,p,blockquote,pre,a,abbr,acronym,address,big,cite,code,del,dfn,em,font,img,ins,kbd,q,s,samp,small,strike,strong,sub,sup,tt,var,b,u,i,center,dl,dt,dd,ol,ul,li,fieldset,form,label,legend,table,caption,tbody,tfoot,thead,tr,th,td{margin:0;padding:0;border:0;outline:0;font-size:100%;vertical-align:baseline;background:transparent}body{line-height:1}ol,ul{list-style:none}blockquote,q{quotes:none}blockquote:before,blockquote:after,q:before,q:after{content:'';content:none}:focus{outine:0}ins{text-decoration:none}del{text-decoration:line-through}table{border-collapse:collapse;border-spacing:0}

html { min-height:100%; margin-bottom:1px; }
html body { height:100%; margin:0px; font-family:Arial, Helvetica, sans-serif; font-size:10px; color:#000; line-height:140%; background:#fff none; overflow-y:scroll; }
html body td { vertical-align:top; text-align:left; }

h1 { padding:0px; margin:0px 0px 25px; font-family:Arial, Helvetica, sans-serif; font-size:1.5em; color:#d55000; line-height:100%; font-weight:normal; }
h2 { padding:0px; margin:0px 0px 8px; font-family:Arial, Helvetica, sans-serif; font-size:1.2em; color:#000; font-weight:bold; line-height:140%; border-bottom:1px solid #d6d4d4; display:block; }
h3 { padding:0px; margin:0px 0px 5px; font-family:Arial, Helvetica, sans-serif; font-size:1.1em; color:#000; font-weight:bold; line-height:140%; }

a { color:#005fce; text-decoration:none; }
a:hover { color:#005fce; text-decoration:underline; }
a:visited { color:#004aa0; text-decoration:none; }

p { padding:0px; margin:0px 0px 20px; }
img { padding:0px; margin:0px 0px 20px; border:none; }
p img, pre img, tt img, li img, h1 img, h2 img { margin-bottom:0px; } 

ul { padding:0px; margin:0px 0px 20px 23px; list-style:square; }
ul li { padding:0px; margin:0px 0px 7px 0px; }
ul li ul { padding:5px 0px 0px; margin:0px 0px 7px 23px; }
ul li ol li { list-style:decimal; }
ol { padding:0px; margin:0px 0px 20px 0px; list-style:decimal; }
ol li { padding:0px; margin:0px 0px 7px 23px; list-style-type:decimal; }
ol li ol { padding:5px 0px 0px; margin:0px 0px 7px 0px; }
ol li ol li { list-style-type:lower-alpha; }
ol li ul { padding-top:7px; }
ol li ul li { list-style:square; }

.content { font-size:1.2em; line-height:140%; padding: 20px; }

pre, code { font-size:12px; }
tt { font-size: 1.2em; }
pre { margin:0px 0px 20px; }
pre.codeinput { padding:10px; border:1px solid #d3d3d3; background:#f7f7f7; }
pre.codeoutput { padding:10px 11px; margin:0px 0px 20px; color:#4c4c4c; }
pre.error { color:red; }

@media print { pre.codeinput, pre.codeoutput { word-wrap:break-word; width:100%; } }

span.keyword { color:#0000FF }
span.comment { color:#228B22 }
span.string { color:#A020F0 }
span.untermstring { color:#B20000 }
span.syscmd { color:#B28C00 }

.footer { width:auto; padding:10px 0px; margin:25px 0px 0px; border-top:1px dotted #878787; font-size:0.8em; line-height:140%; font-style:italic; color:#878787; text-align:left; float:none; }
.footer p { margin:0px; }
.footer a { color:#878787; }
.footer a:hover { color:#878787; text-decoration:underline; }
.footer a:visited { color:#878787; }

table th { padding:7px 5px; text-align:left; vertical-align:middle; border: 1px solid #d6d4d4; font-weight:bold; }
table td { padding:7px 5px; text-align:left; vertical-align:top; border:1px solid #d6d4d4; }





  </style></head><body><div class="content"><h2>Contents</h2><div><ul><li><a href="#1">MyMainScript</a></li><li><a href="#2">CS 663: Digital Image Processing, IIT Bombay (Autumn 2020)</a></li><li><a href="#3">Q1: Implementation of SVD using eig</a></li></ul></div><h2 id="1">MyMainScript</h2><pre class="codeinput">clc; clear <span class="string">all</span>; close <span class="string">all</span>;
warning(<span class="string">'off'</span>, <span class="string">'all'</span>);

tic;
</pre><h2 id="2">CS 663: Digital Image Processing, IIT Bombay (Autumn 2020)</h2><p>Aman Kansal, Ansh Khurana, Kushagra Juneja</p><p>Assignment 4</p><h2 id="3">Q1: Implementation of SVD using eig</h2><pre>demoSVD calls mySVD and shows the required values.</pre><pre class="codeinput">disp(<span class="string">'example 1'</span>)
A = eye(5);
demoSVD(A);
disp(<span class="string">'example 2'</span>)
A = [ 2 3 5 7 ; 1 2 3 4 ; 1 3 4 2];
demoSVD(A);
disp(<span class="string">'example 3'</span>)
A = [ 12 3 5 7 ; 1 2 3 4 ; 8 3 4 2];
demoSVD(A);
disp(<span class="string">'example 4'</span>)
A = [ 1 2 3 4 5 6 ; 7 8 9 10 11 12; 13 14 15 16 17 18; 19 20 21 22 23 24];
demoSVD(A);

toc;
</pre><pre class="codeoutput">example 1
Original matrix A: 
     1     0     0     0     0
     0     1     0     0     0
     0     0     1     0     0
     0     0     0     1     0
     0     0     0     0     1

SVD done
Elapsed time is 0.148272 seconds.
U: 
     1     0     0     0     0
     0     1     0     0     0
     0     0     1     0     0
     0     0     0     1     0
     0     0     0     0     1

S: 
     1     0     0     0     0
     0     1     0     0     0
     0     0     1     0     0
     0     0     0     1     0
     0     0     0     0     1

V: 
     1     0     0     0     0
     0     1     0     0     0
     0     0     1     0     0
     0     0     0     1     0
     0     0     0     0     1

verify output by U * S * V'
     1     0     0     0     0
     0     1     0     0     0
     0     0     1     0     0
     0     0     0     1     0
     0     0     0     0     1




example 2
Original matrix A: 
     2     3     5     7
     1     2     3     4
     1     3     4     2

SVD done
Elapsed time is 0.149485 seconds.
U: 
    0.7797   -0.4101    0.4731
    0.4593   -0.1388   -0.8774
    0.4255    0.9014    0.0801

S: 
   11.8995   -0.0000   -0.0000    0.0000
   -0.0000    2.3164    0.0000   -0.0000
    0.0000   -0.0000    0.1885    0.0000

V: 
    0.2054   -0.0249    0.7898    0.5774
    0.3811    0.5163   -0.5048    0.5774
    0.5865    0.4914    0.2850   -0.5774
    0.6846   -0.7009   -0.2002   -0.0000

verify output by U * S * V'
    2.0000    3.0000    5.0000    7.0000
    1.0000    2.0000    3.0000    4.0000
    1.0000    3.0000    4.0000    2.0000




example 3
Original matrix A: 
    12     3     5     7
     1     2     3     4
     8     3     4     2

SVD done
Elapsed time is 0.149995 seconds.
U: 
    0.8262   -0.0073    0.5633
    0.2261   -0.9115   -0.3435
    0.5160    0.4112   -0.7515

S: 
   18.1795    0.0000    0.0000   -0.0000
   -0.0000    3.8927   -0.0000   -0.0000
    0.0000    0.0000    2.0868    0.0000

V: 
    0.7849    0.5883    0.1935    0.0203
    0.2464   -0.1571   -0.5998    0.7449
    0.3781   -0.2894   -0.5847   -0.6569
    0.4247   -0.7386    0.5108    0.1151

verify output by U * S * V'
   12.0000    3.0000    5.0000    7.0000
    1.0000    2.0000    3.0000    4.0000
    8.0000    3.0000    4.0000    2.0000




example 4
Original matrix A: 
     1     2     3     4     5     6
     7     8     9    10    11    12
    13    14    15    16    17    18
    19    20    21    22    23    24

SVD done
Elapsed time is 0.150515 seconds.
U: 
    0.1283    0.8268   -0.1588    0.5242
    0.3374    0.4314    0.6024   -0.5806
    0.5465    0.0361   -0.7285   -0.4114
    0.7556   -0.3592    0.2849    0.4678

S: 
   69.8894   -0.0000    0.0000    0.0000    0.0000    0.0000
   -0.0000    3.9341    0.0000    0.0000    0.0000    0.0000
   -0.0000    0.0000    0.0000    0.0000   -0.0000    0.0000
   -0.0000   -0.0000   -0.0000    0.0000   -0.0000   -0.0000

V: 
    0.3427   -0.6375    0.0234    0.5666   -0.3143   -0.2364
    0.3680   -0.3998   -0.5948   -0.5731    0.0233    0.1483
    0.3933   -0.1621    0.7823   -0.4535    0.0213   -0.0306
    0.4186    0.0757   -0.0496    0.2930    0.8541   -0.0353
    0.4439    0.3134    0.0146    0.2338   -0.2936    0.7508
    0.4692    0.5511   -0.1759   -0.0668   -0.2907   -0.5969

verify output by U * S * V'
    1.0000    2.0000    3.0000    4.0000    5.0000    6.0000
    7.0000    8.0000    9.0000   10.0000   11.0000   12.0000
   13.0000   14.0000   15.0000   16.0000   17.0000   18.0000
   19.0000   20.0000   21.0000   22.0000   23.0000   24.0000




Elapsed time is 0.150715 seconds.
</pre><p class="footer"><br><a href="https://www.mathworks.com/products/matlab/">Published with MATLAB&reg; R2019a</a><br></p></div><!--
##### SOURCE BEGIN #####
%% MyMainScript

clc; clear all; close all;
warning('off', 'all');

tic;

%%  CS 663: Digital Image Processing, IIT Bombay (Autumn 2020)
% Aman Kansal, Ansh Khurana, Kushagra Juneja
%
% Assignment 4

%% Q1: Implementation of SVD using eig
%  demoSVD calls mySVD and shows the required values.


disp('example 1')
A = eye(5);
demoSVD(A);
disp('example 2')
A = [ 2 3 5 7 ; 1 2 3 4 ; 1 3 4 2];
demoSVD(A);
disp('example 3')
A = [ 12 3 5 7 ; 1 2 3 4 ; 8 3 4 2];
demoSVD(A);
disp('example 4')
A = [ 1 2 3 4 5 6 ; 7 8 9 10 11 12; 13 14 15 16 17 18; 19 20 21 22 23 24];
demoSVD(A);

toc;

##### SOURCE END #####
--></body></html>